2.000000,-179.816010,-15.312073,0.000271,90.000000,0,0,0,1,0,1,0,0,0,-1.532844,998.797601
2.333333,176.900986,-57.676743,-0.003290,71.720345,0,0,0,1,0,1,0,0,0,-6.881179,986.656176
2.666667,176.464722,-69.285851,0.000747,28.343821,0,0,0,1,0,1,0,0,0,-7.152279,995.899038
3.000000,-178.226120,-67.523010,-5.720534,17.981255,1,0,0,1,0,0,0,0,0,-5.200436,1045.487416
3.333333,-173.450424,-66.105957,-10.922296,18.929422,1,0,0,1,0,0,0,0,0,-5.814137,1089.518550
3.666667,-166.977234,-65.396339,-18.030567,31.580614,1,0,0,1,0,0,0,0,0,-3.412638,1134.924069
4.000000,-162.793045,-63.849590,-22.665585,25.497261,1,0,0,1,0,0,0,0,0,-5.290234,1184.533347
4.333333,-158.176544,-64.375984,-27.803385,27.062986,1,0,0,1,0,0,0,0,0,-3.816941,1240.114794
4.666667,-158.032425,-65.326645,-27.962912,26.894096,1,0,0,1,0,0,0,0,0,-3.788836,1358.816943
5.000000,-154.617996,-67.767281,-31.693907,25.029654,1,0,0,1,0,0,0,0,0,-3.655098,1438.545291
5.333333,-158.074326,-67.363510,-27.947426,20.555475,1,1,0,1,0,0,0,0,0,-3.776608,1501.331118
5.666667,-158.920654,-67.380234,-27.028757,21.467743,1,1,0,1,0,0,0,0,0,-3.683925,1576.583445
6.000000,-157.238220,-66.971413,-28.856201,21.753969,1,1,0,1,0,0,0,0,0,-3.378566,1657.201060
6.333333,-158.817429,-64.964455,-27.123512,21.862328,1,1,0,1,0,0,0,0,0,-3.414100,1741.395049
6.666667,-161.572876,-63.575382,-24.059629,17.984127,1,1,0,1,0,0,0,0,0,-0.554930,1820.945849
7.000000,-164.945419,-64.416634,-20.303223,58.126587,1,1,0,1,0,0,0,0,0,0.649706,1916.341265
7.333333,-171.454559,-64.606316,-13.084825,90.000000,1,1,0,1,0,0,0,0,0,1.555207,2038.469361
7.666667,-176.940033,-61.915813,-6.936043,90.000000,1,1,0,1,0,0,0,0,0,1.171815,2139.604103
8.000000,-167.912979,-41.615654,-14.465446,90.000000,0,1,0,1,0,0,0,1,0,1.262097,2237.572177
8.333334,-163.000061,-22.847803,-16.152273,90.000000,0,1,0,1,0,0,0,1,0,1.029309,2338.488858
8.666667,-162.913513,-0.815276,-14.881454,90.000000,0,1,0,1,0,0,0,1,0,0.999484,2432.791232
9.000000,-162.615097,8.386181,-15.135159,81.737343,0,1,0,1,0,0,0,1,0,0.812951,2514.524732
9.333334,-162.234131,17.579567,-13.230839,83.726326,0,1,0,1,0,0,0,1,0,0.845591,2616.293607
9.666667,-163.093170,25.944818,-11.811563,49.281342,0,1,0,1,0,0,0,1,0,0.525274,2697.685166
10.000000,-162.229736,32.832443,-9.906137,43.997646,0,1,0,1,0,0,0,1,0,0.539156,2784.847144
10.333334,-159.411774,40.165749,-6.378138,41.520218,0,1,0,1,0,0,0,1,0,0.562338,2880.191415
10.666667,-156.493637,47.408512,-3.836030,39.811726,0,1,0,1,0,0,0,1,0,0.582094,2962.649706
11.000000,-155.060211,52.846218,-1.504211,30.364809,0,1,0,1,0,0,0,1,0,0.560616,3043.014108
11.333334,-152.800995,58.060097,0.949903,26.643682,0,1,0,1,0,0,0,1,0,0.588290,3114.780158
11.666667,-150.972214,61.679684,3.642227,26.778959,0,1,0,1,0,0,0,1,0,0.608126,3267.676374
12.000000,-142.131668,64.466721,12.604235,25.100468,0,1,0,1,0,0,0,1,0,0.647751,3418.279854
12.333334,-142.048859,66.162758,13.114368,9.103951,0,0,0,1,0,0,0,1,0,0.629212,3503.153972
12.666667,-135.499176,68.160973,19.886915,14.442152,0,0,0,1,0,0,0,1,0,0.656516,3563.907881
13.000000,-139.719604,70.444275,16.269342,17.414677,0,1,0,1,0,0,0,1,0,0.673838,3634.870875
13.333334,-135.669327,72.487877,20.630812,12.823008,0,1,0,1,0,0,0,1,0,0.684450,3700.197799
13.666667,-140.951584,76.081146,15.986650,25.178743,0,1,0,1,0,0,0,1,0,0.728761,3825.806605
14.000000,-139.947144,76.567787,16.932446,6.682179,0,0,0,1,0,0,0,1,0,0.751011,3897.838664
14.333334,-141.347977,77.635483,15.649542,8.689577,0,0,0,1,0,0,0,0,0,0.765349,4010.196383
14.666667,-140.676025,78.382034,16.341513,12.858301,1,0,0,1,0,0,0,0,0,0.796574,4075.228928
15.000000,-136.076950,78.761635,21.046898,19.367640,1,0,0,1,0,0,0,0,0,0.802328,4129.497927
15.333334,-141.308289,79.227509,15.929749,6.946089,0,0,0,1,0,0,0,0,0,0.792879,4183.425189
15.666667,-135.695648,81.246864,21.547066,9.481174,0,0,0,1,0,0,0,0,0,0.814987,4238.532844
16.000000,-126.714783,82.515747,30.554106,8.978775,0,0,0,1,0,0,0,0,0,0.825874,4289.113367
16.333334,-126.342239,82.634613,30.929827,10.432119,1,0,0,1,0,0,0,0,0,0.836403,4343.634518
16.666668,-127.291084,82.904106,29.975649,20.338427,1,0,0,1,0,0,0,0,0,0.859037,4443.824748
17.000000,-131.320160,84.624580,26.036800,9.204085,0,0,0,1,0,0,0,0,0,0.860816,4497.205486
17.333334,-130.722900,84.475250,26.631163,21.143843,1,0,0,1,0,0,0,0,0,0.878483,4541.950299
17.666668,-135.330307,84.483879,21.983261,11.228467,1,0,0,1,0,0,0,0,0,0.876272,4583.210782
18.000000,-137.326416,84.854820,19.979639,24.131119,1,0,0,1,0,0,0,0,0,0.897086,4632.324203
18.333334,-143.135162,84.519989,14.110615,30.747557,1,0,0,1,0,0,0,0,0,0.899056,4675.113034
18.666668,-150.267502,84.409027,6.909135,14.182009,1,0,0,1,0,0,0,0,0,0.914492,4756.152379
19.000000,-155.403961,83.952812,1.716456,27.095163,1,0,0,1,0,0,0,0,0,0.917329,4796.936283
19.333334,-157.427139,83.132950,-0.334571,40.130211,1,0,0,1,0,0,0,0,0,0.923241,4866.421431
19.666668,-156.664566,81.846390,0.430803,19.971262,1,1,0,1,0,0,0,0,0,0.929924,4903.741160
20.000000,-156.614471,80.527023,0.476230,29.583715,1,1,0,1,0,0,0,0,0,0.935331,4936.770140
20.333334,-155.700165,79.686234,1.403933,33.270626,1,1,0,1,0,0,0,0,0,0.948372,4973.552715
20.666668,-153.610245,79.065224,3.534004,36.719093,1,1,0,1,0,0,0,0,0,0.947735,5034.871377
21.000000,-151.733765,78.077072,5.450225,21.311762,1,1,0,1,0,0,0,0,0,0.958033,5098.017783
21.333334,-152.930771,78.022675,4.223222,27.372047,1,1,0,1,0,0,0,0,0,0.969287,5121.682823
21.666668,-152.242905,78.366730,4.928774,17.091789,1,1,0,1,0,0,0,0,0,0.971974,5149.780487
22.000000,-149.244522,78.492081,7.997502,60.479286,1,1,0,1,0,0,0,0,0,0.982547,5174.713783
22.333334,-161.011703,83.426506,-3.523571,37.075085,0,1,0,1,0,0,0,1,0,0.981982,5198.859038
22.666668,133.409592,90.000000,-70.356804,46.317776,0,1,0,1,0,0,0,1,0,0.987035,5221.316088
23.000000,108.422073,81.411575,-94.228264,55.451351,0,1,0,1,0,0,0,1,0,0.984174,5244.047617
23.333334,92.892166,73.722939,-109.299011,63.651104,0,1,0,1,0,0,0,1,0,0.987710,5264.451149
23.666668,82.418854,70.481026,-119.153671,31.677418,0,1,0,1,0,0,0,1,0,0.985101,5288.440846
24.000000,65.084747,66.315857,-135.194839,58.206718,0,1,0,1,0,0,0,1,0,0.992980,5321.021417
24.333334,62.712547,60.595039,-137.130142,44.475040,0,1,0,1,0,0,0,1,0,0.989695,5342.932595
24.666668,57.756485,54.760357,-140.943359,50.941357,0,1,0,1,0,0,0,1,0,0.993276,5354.424051
25.000000,54.928894,48.797153,-142.651459,47.938889,0,1,0,1,0,0,0,1,0,0.989848,5367.941786
25.333334,58.181057,41.497601,-139.778580,55.429298,0,1,0,1,0,0,0,1,0,0.993350,5379.211661
25.666668,56.837875,35.406712,-139.906876,42.465603,0,1,0,1,0,0,0,1,0,0.989156,5404.639600
26.000000,54.542110,26.817463,-140.371719,69.610092,0,1,0,1,0,0,0,1,0,0.992606,5419.854829
26.333334,50.803154,18.438318,-141.072952,67.936401,0,1,0,1,0,0,0,1,0,0.990945,5421.676766
26.666668,46.448177,11.020626,-141.346664,58.793678,0,1,0,1,0,0,0,1,0,0.987520,5432.960131
27.000000,45.218250,1.737666,-140.787155,63.424294,0,1,0,1,0,0,0,1,0,0.993205,5437.596685
27.333334,43.158951,-6.682253,-140.184265,52.503246,0,1,0,1,0,0,0,1,0,0.990316,5443.701974
27.666668,43.330112,-14.407499,-140.001038,41.942127,0,1,0,1,0,0,0,1,0,0.991159,5448.957360
28.000000,44.055157,-22.883621,-140.358963,47.873367,0,1,0,1,0,0,0,1,0,0.989478,5448.434491
28.333334,46.103832,-31.498322,-141.883118,50.393913,0,1,0,1,0,0,0,1,0,0.985724,5453.584260
28.666668,49.802399,-37.777115,-144.940628,35.576092,0,1,0,1,0,0,0,1,0,0.984958,5454.170246
29.000000,58.567368,-41.737762,-151.834091,42.592274,0,1,0,1,0,0,0,1,0,0.979776,5452.138708
29.333334,68.067421,-40.737633,-159.526306,38.697491,0,1,0,1,0,0,0,1,0,0.974284,5457.400368
29.666668,62.511868,-35.189671,-156.493195,48.139736,0,1,0,1,0,0,0,1,0,0.372766,5452.667012
30.000000,86.115685,-34.120331,-170.676895,90.000000,0,1,0,1,0,0,0,1,0,0.937715,5448.289290
30.333334,95.635872,-31.477140,-176.477905,57.636494,0,1,0,1,0,0,0,1,0,0.911954,5446.797481
30.666668,98.859886,-28.816328,-178.621124,24.501080,0,1,0,1,0,0,0,1,0,0.944625,5440.108490
31.000000,99.331360,-25.974771,-179.495529,21.448008,0,1,0,1,0,0,0,1,0,0.881822,5409.933792
31.333334,99.404640,-48.115211,179.080475,90.000000,0,1,0,1,0,0,0,1,0,1.123975,5399.878422
31.666668,99.448296,-59.937531,175.230881,33.067329,0,1,0,1,0,0,0,1,0,0.338514,5397.044573
32.000000,127.195160,-56.819569,144.951187,23.571173,0,1,0,1,0,0,0,1,0,0.387203,5392.893055
32.333336,155.596725,-49.977520,111.303047,44.236958,0,1,0,1,0,0,0,1,0,0.554831,5412.922710
32.666668,145.593124,-44.768475,124.897354,29.887377,0,1,0,1,0,0,0,1,0,-0.326538,5380.376199
33.000000,117.631027,-67.904060,153.351410,43.561935,0,1,0,1,0,0,0,1,0,0.466211,5355.721982
33.333336,0.865466,-63.327236,-88.985977,82.250854,0,1,0,1,0,0,0,1,0,0.539686,5345.179722
33.666668,4.563776,-27.915222,-91.136696,67.035591,0,1,0,1,0,0,0,1,0,0.397182,5337.643161
34.000000,3.326514,-20.244308,-69.871819,63.178688,0,1,0,1,0,0,0,1,0,0.206088,5330.117123
34.333336,-28.328714,-35.525978,-27.726511,90.000000,0,1,0,1,0,0,0,1,0,0.812991,5332.171149
34.666668,-43.974682,-43.795765,-11.378051,59.194267,0,1,0,1,0,0,0,1,0,0.218841,5307.221239
35.000000,-27.930189,-46.354969,-36.509693,75.733185,0,1,0,1,0,0,0,1,0,0.785780,5302.228021
35.333336,-22.022001,-31.744379,-43.404957,13.926721,0,1,0,1,0,0,0,1,0,-0.559700,5278.934269
35.666668,-20.200628,-46.635056,-40.422245,32.502811,0,1,0,1,0,0,0,1,0,0.016349,5261.221748
36.000000,-37.451859,-47.091476,-17.920284,48.956066,0,1,0,1,0,0,0,1,0,0.322460,5249.485949
36.333336,-33.154579,-50.676228,-24.008549,3.116244,0,0,0,1,0,0,0,1,0,-0.290549,5245.506619
36.666668,-57.467712,-53.156178,9.211881,36.772942,0,0,0,1,0,0,0,1,0,0.669095,5232.267610
37.000000,-34.537712,-42.125431,-22.493805,90.000000,0,1,0,1,0,0,0,1,0,1.210442,5222.937216
37.333336,-1.559918,-45.015137,-64.997726,90.000000,0,1,0,1,0,0,0,1,0,0.576773,5232.271038
37.666668,15.500201,-49.645851,-89.550545,78.664917,0,1,0,1,0,0,0,1,0,0.709796,5212.543380
38.000000,37.743668,-38.919670,-116.857468,86.752182,0,1,0,1,0,0,0,1,0,0.923527,5191.820608
38.333336,35.277515,-23.136978,-105.276184,54.915646,0,1,0,1,0,0,0,1,0,0.736975,5177.268759
38.666668,26.205973,-20.993879,-83.955353,7.703630,0,0,0,1,0,0,0,1,0,-0.526151,5168.431321
39.000000,15.241947,-30.349609,-58.397972,18.320227,0,0,0,1,0,0,0,1,0,-0.172959,5159.176595
39.333336,8.488897,-15.292580,-33.695293,29.494934,0,0,0,1,0,0,0,1,0,0.230672,5150.787480
39.666668,13.750654,-0.776653,-26.970484,60.780525,0,0,0,1,0,0,0,1,0,0.337959,5139.536572
40.000000,21.223516,-3.271869,-21.888500,90.000000,0,0,0,1,0,0,0,1,0,1.123800,5135.814504
40.333336,27.975653,4.470428,-15.618062,83.385109,0,1,0,1,0,0,0,1,0,0.914596,5116.261383
40.666668,34.772865,2.402218,-0.553331,74.461685,0,1,0,1,0,0,0,1,0,0.667961,5090.485819
41.000000,34.801384,-3.101153,19.932396,48.935402,0,1,0,1,0,0,0,1,0,-0.028109,5081.507812
41.333336,36.324642,2.212169,31.070478,48.824120,0,1,0,1,0,0,0,1,0,0.375907,5073.372160
41.666668,41.569401,-1.229227,35.128479,78.389442,0,1,0,1,0,0,0,1,0,0.648907,5082.708329
42.000000,39.975822,0.144968,40.323681,90.000000,0,1,0,1,0,0,0,1,0,0.972167,5062.663286
42.333336,39.505531,-5.652877,35.629856,75.205231,0,1,0,1,0,0,0,1,0,0.643141,5051.339379
42.666668,36.603756,-22.550547,39.632660,90.000000,0,1,0,1,0,0,0,1,0,0.697275,5046.472611
43.000000,40.731613,-35.893810,30.975056,40.730724,0,1,0,1,0,0,0,1,0,0.015345,5048.895834
43.333336,19.031893,-68.001663,62.421333,90.000000,0,1,0,1,0,0,0,1,0,0.605870,5030.167727
43.666668,-7.602902,-52.600388,90.081184,37.711681,0,1,0,1,0,0,0,1,0,0.033793,5003.726566
44.000000,-16.450275,-57.993889,106.874168,60.825756,0,1,0,1,0,0,0,1,0,0.628383,4984.281463
44.333336,-22.343470,-32.303383,120.436501,85.124916,0,1,0,1,0,0,0,1,0,1.264750,4974.767043
44.666668,-16.242552,3.827904,121.870880,53.431553,0,1,0,1,0,0,0,1,0,-0.257713,4973.394982
45.000000,0.930219,29.595362,148.627747,90.000000,0,1,0,1,0,0,0,1,0,0.764194,4962.400705
45.333336,24.861431,45.361042,-177.911972,62.918537,0,1,0,1,0,0,0,1,0,0.573951,4973.939116
45.666668,58.688049,48.642147,-139.185181,90.000000,0,1,0,1,0,0,0,1,0,0.753636,4940.321569
46.000000,76.437302,42.189934,-112.940407,74.339287,0,1,0,1,0,0,0,1,0,0.718843,4925.265023
46.333336,86.831146,25.382410,-94.164734,67.966240,0,1,0,1,0,0,0,1,0,0.403667,4913.439400
46.666668,84.987244,-9.768794,-77.216057,71.038879,0,1,0,1,0,0,0,1,0,0.067398,4907.479805
47.000000,69.880730,-24.104950,-51.990150,65.200867,0,1,0,1,0,0,0,1,0,-0.304387,4892.568646
47.333336,60.363686,-30.340239,-23.070915,29.772568,0,1,0,1,0,0,0,1,0,0.050629,4889.315154
47.666668,46.648502,-20.756048,-1.210161,37.886349,0,1,0,1,0,0,0,1,0,0.211337,4878.873563
48.000000,46.511185,-26.104940,-0.826679,42.523037,0,1,0,1,0,0,0,1,0,0.305250,4879.760983
48.333336,40.263695,-40.374794,4.041232,60.905827,0,1,0,1,0,0,0,1,0,0.218178,4852.591891
48.666668,21.053280,-46.995972,31.964046,10.037503,0,1,0,1,0,0,0,1,0,-0.207032,4837.280539
49.000000,19.997002,-18.283211,44.315975,67.522606,0,1,0,1,0,0,0,1,0,0.784103,4821.024400
49.333336,26.977840,9.487596,53.240860,61.933598,0,1,0,1,0,0,0,1,0,0.297236,4811.342583
49.666668,37.890751,8.340772,90.559380,43.335625,0,1,0,1,0,0,0,1,0,-0.129841,4800.923302
50.000000,32.987488,-3.568949,121.196754,49.471394,0,1,0,1,0,0,0,1,0,-0.108782,4787.605684
50.333336,33.891556,-5.369763,142.686218,31.956545,0,1,0,1,0,0,0,1,0,-0.138312,4782.044912
50.666668,35.505722,4.213174,158.909622,53.765678,0,1,0,1,0,0,0,1,0,0.582737,4769.208698
51.000000,37.916515,8.602329,156.464691,62.563614,0,1,0,1,0,0,0,1,0,0.432802,4757.905421
51.333336,46.849602,-8.125249,163.315445,90.000000,0,1,0,1,0,0,0,1,0,0.796758,4751.455514
51.666668,37.485416,-23.950062,172.260071,90.000000,0,1,0,1,0,0,0,1,0,0.701885,4729.517086
52.000000,38.998493,-31.861027,164.205063,82.012978,0,1,0,1,0,0,0,1,0,0.729652,4761.448925
52.333336,42.171917,-32.813248,165.424149,59.905128,0,1,0,1,0,0,0,1,0,0.445980,4720.216098
52.666668,27.562405,-35.146763,-170.092148,29.857857,0,1,0,1,0,0,0,1,0,-0.004689,4708.779751
53.000000,5.594772,-53.162361,-145.529495,35.008469,0,1,0,1,0,0,0,1,0,-0.615771,4677.108079
53.333336,-56.087933,-50.369255,-73.796310,52.451221,0,1,0,1,0,0,0,1,0,-0.009535,4671.514398
53.666668,-59.539806,0.523918,-56.329567,74.536957,0,1,0,1,0,0,0,1,0,-0.010224,4667.585328
54.000000,-44.871140,48.355503,-65.426674,90.000000,0,1,0,1,0,0,0,1,0,0.569736,4655.429324
54.333336,-73.730804,80.824692,-108.554550,90.000000,0,1,0,1,0,0,0,1,0,1.094024,4640.554773
54.666668,94.483688,71.041397,57.260441,90.000000,0,1,0,1,0,0,0,1,0,1.186834,4631.564849
55.000000,75.288315,33.490307,40.782127,90.000000,0,1,0,1,0,0,0,1,0,1.367044,4616.488595
55.333336,79.315598,9.297769,46.932869,90.000000,0,1,0,1,0,0,0,1,0,1.984010,4620.363323
55.666668,84.921303,14.959225,56.871433,86.904198,0,1,0,1,0,0,0,1,0,0.990906,4607.214131
56.000000,87.198647,0.458000,72.552574,58.895412,0,1,0,1,0,0,0,1,0,-0.055238,4581.362883
56.333336,76.530281,-30.161749,82.091637,74.197914,0,1,0,1,0,0,0,1,0,0.560959,4567.459106
56.666668,42.438046,-56.688572,110.668861,90.000000,0,1,0,1,0,0,0,1,0,0.679861,4556.447930
57.000000,26.017103,-76.002892,123.156975,67.748940,0,1,0,1,0,0,0,1,0,0.567551,4548.016142
57.333336,-150.264877,-68.876114,-62.952564,65.906532,0,1,0,1,0,0,0,1,0,0.800571,4543.310662
57.666668,-143.531067,-40.837490,-67.861481,51.364990,0,1,0,1,0,0,0,1,0,-0.376542,4541.551636
58.000000,-147.412537,-27.997820,-51.650852,48.450100,0,1,0,1,0,0,0,1,0,0.275814,4516.535750
58.333336,-143.053299,-15.712291,-47.032749,57.152870,0,1,0,1,0,0,0,1,0,0.445642,4510.195957
58.666668,-138.177170,-6.468951,-41.288647,55.247921,0,1,0,1,0,0,0,1,0,0.538431,4495.537859
59.000000,-134.070923,-2.539690,-35.799030,53.212975,0,1,0,1,0,0,0,1,0,0.261666,4483.852367
59.333336,-131.301529,-6.918389,-19.598190,50.178173,0,1,0,1,0,0,0,1,0,-0.266341,4473.973461
59.666668,-131.354950,-0.237461,4.104976,31.530231,0,1,0,1,0,0,0,1,0,0.111832,4475.121967
60.000000,-123.691223,9.553764,22.230997,51.110718,0,1,0,1,0,0,0,1,0,-0.082019,4496.920664
60.333336,-110.852386,35.636997,34.667236,71.005798,0,1,0,1,0,0,0,1,0,0.689114,4481.272926
60.666668,-87.442558,52.952927,46.930180,90.000000,0,1,0,1,0,0,0,1,0,1.026525,4466.312657
61.000000,-47.361637,59.830151,83.053719,90.000000,0,1,0,1,0,0,0,1,0,1.245314,4442.250993
61.333336,-0.706873,53.557232,130.175583,90.000000,0,1,0,1,0,0,0,1,0,0.953596,4425.441708
61.666668,38.612682,41.831612,178.845459,78.616417,0,1,0,1,0,0,0,1,0,0.187649,4419.728881
62.000000,61.040871,16.185049,-137.117371,45.762440,0,1,0,1,0,0,0,1,0,-0.825024,4400.355188
62.333336,62.629711,-1.914545,-91.756386,29.494209,0,1,0,1,0,0,0,1,0,-0.461386,4380.320702
62.666668,53.862530,-8.889931,-42.515316,23.647657,0,1,0,1,0,0,0,1,0,-0.770814,4366.300033
63.000000,44.938778,-1.915719,-5.623377,34.743401,0,1,0,1,0,0,0,1,0,0.360080,4357.287961
63.333336,39.495029,-7.701034,3.071777,38.562157,0,1,0,1,0,0,0,1,0,-0.451568,4347.262899
63.666668,43.892281,-26.007782,-4.190161,68.243584,0,1,0,1,0,0,0,1,0,0.542389,4344.224492
64.000000,49.000412,-33.264633,-1.677599,55.685555,0,1,0,1,0,0,0,1,0,0.004161,4334.787934
64.333336,42.467609,-67.877136,2.748179,22.742453,0,1,0,1,0,0,0,1,0,0.369249,4318.487419
64.666672,114.505241,-62.345848,-73.857925,84.512482,0,1,0,1,0,0,0,1,0,0.271044,4320.013763
65.000000,71.231277,-60.982849,-24.120852,35.185326,0,1,0,1,0,0,0,1,0,-0.184391,4304.863839
65.333336,-178.506638,-81.436241,-139.214951,86.435638,0,1,0,1,0,0,0,1,0,0.431470,4292.997179
65.666672,158.135208,-69.844627,-115.073891,42.275463,0,1,0,1,0,0,0,1,0,-0.156031,4282.837368
66.000000,-175.899567,-85.799927,-142.957733,43.756283,0,1,0,1,0,0,0,1,0,0.439796,4290.232609
66.333336,-130.389175,-74.914742,171.656464,29.617395,0,1,0,1,0,0,0,1,0,0.231356,4288.113875
66.666672,-167.043030,-69.651253,-149.202240,18.429615,0,1,0,1,0,0,0,1,0,-0.267328,4258.142301
67.000000,145.503159,-64.433243,-98.386093,15.184230,0,1,0,1,0,0,0,1,0,-0.266861,4248.391688
67.333336,72.644753,-69.671173,-23.355423,40.731491,0,1,0,1,0,0,0,1,0,-0.139991,4233.335096
67.666672,-54.902863,-74.344185,103.757805,55.092606,0,1,0,1,0,0,0,1,0,0.094435,4221.144703
68.000000,-101.744438,-58.302841,153.955490,35.283730,0,1,0,1,0,0,0,1,0,0.005133,4217.701082
68.333336,-135.499237,-58.959076,-169.686279,31.645258,0,1,0,1,0,0,0,1,0,-0.183355,4204.015170
68.666672,-138.300995,-59.966190,-166.003494,54.911263,0,1,0,1,0,0,0,1,0,0.506923,4192.555451
69.000000,-130.273499,-47.764568,-172.124496,40.037048,0,1,0,1,0,0,0,1,0,0.260081,4181.497782
69.333336,-128.867737,-31.646902,-165.400055,74.706688,0,1,0,1,0,0,0,1,0,0.751724,4175.499067
69.666672,-114.011971,-4.407140,166.474258,90.000000,0,1,0,1,0,0,0,1,0,1.083539,4164.212916
70.000000,-103.342125,-10.365142,143.961426,90.000000,0,1,0,1,0,0,0,1,0,1.993046,4154.067788
70.333336,-89.884666,-4.707098,116.651016,90.000000,0,1,0,1,0,0,0,1,0,1.259107,4148.009400
70.666672,-82.466568,-2.502661,106.302994,84.798615,0,1,0,1,0,0,0,1,0,0.815767,4144.017707
71.000000,-87.371712,-3.453567,103.122185,90.000000,0,1,0,1,0,0,0,1,0,1.255966,4129.307092
71.333336,-80.098076,-19.464622,87.191277,90.000000,0,1,0,1,0,0,0,1,0,0.899303,4124.934003
71.666672,-68.439056,-36.689125,70.731430,90.000000,0,1,0,1,0,0,0,1,0,0.801438,4101.021771
72.000000,-56.906281,-40.273880,59.209103,75.507782,0,1,0,1,0,0,0,1,0,0.551449,4083.507785
72.333336,-59.597488,-32.868904,69.218338,72.509468,0,1,0,1,0,0,0,1,0,0.808941,4078.478750
72.666672,-58.078838,-20.460161,69.766968,26.786127,0,1,0,1,0,0,0,1,0,0.053331,4052.743579
73.000000,-54.972107,-25.025528,67.178635,52.669872,0,1,0,1,0,0,0,1,0,0.520040,4040.402232
73.333336,-44.960842,-41.911297,66.675201,90.000000,0,1,0,1,0,0,0,1,0,0.885135,4029.597919
73.666672,-48.189430,-42.019444,66.827156,53.845428,0,1,0,1,0,0,0,1,0,0.202812,4020.949695
74.000000,-47.467438,-57.071949,65.775360,56.792496,0,1,0,1,0,0,0,1,0,0.364901,4012.496226
74.333336,-47.536888,-55.153339,63.449429,27.014135,0,1,0,1,0,0,0,1,0,0.048136,3998.715825
74.666672,-74.832390,-61.578060,93.042885,85.062424,0,1,0,1,0,0,0,1,0,0.646793,3999.712627
75.000000,-67.509605,-59.335129,82.151070,49.000877,0,1,0,1,0,0,0,1,0,0.197366,3985.326911
75.333336,-49.452843,-40.764656,59.642754,8.428535,0,0,0,1,0,0,0,1,0,-0.094704,3967.824939
75.666672,-42.513832,-46.212593,51.097527,11.049653,0,0,0,1,0,0,0,1,0,-0.388008,3963.432381
76.000000,-30.204628,-63.183537,32.370056,46.127480,0,1,0,1,0,0,0,1,0,0.363834,3966.316391
76.333336,-7.238339,-52.442715,6.916759,20.879190,0,1,0,1,0,0,0,1,0,0.145840,3963.557891
76.666672,-11.519033,-43.601929,9.478280,34.098740,0,1,0,1,0,0,0,1,0,0.096571,3939.221343
77.000000,-2.836704,-26.456268,-13.625377,45.375622,0,1,0,1,0,0,0,1,0,0.180743,3923.209493
77.333336,4.840108,-15.251478,-37.196114,5.737483,0,0,0,1,0,0,0,1,0,-1.192725,3925.859971
77.666672,13.873941,-33.537434,-45.597569,50.068642,0,0,0,1,0,0,0,1,0,-0.238258,3912.153351
78.000000,19.806456,-53.718155,-49.693157,87.416534,0,0,0,1,0,0,0,1,0,0.530352,3906.000515
78.333336,4.316908,-69.403328,-29.363068,60.746361,0,0,0,1,0,0,0,1,0,0.349079,3897.465441
78.666672,-132.226303,-78.908051,110.501396,67.180832,0,0,0,1,0,0,0,1,0,0.315212,3878.581485
79.000000,160.160263,-63.468121,-179.223511,75.229065,0,0,0,1,0,0,0,1,0,0.654619,3867.345276
79.333336,119.978577,-43.233776,-131.980026,90.000000,0,1,0,1,0,0,0,1,0,1.040064,3849.945025
79.666672,104.251862,-31.958529,-115.516945,76.470947,0,1,0,1,0,0,0,1,0,0.496441,3849.331409
80.000000,107.016212,-26.646570,-125.482681,45.475506,0,1,0,1,0,0,0,1,0,0.399249,3833.257342
80.333336,110.909111,-21.002245,-133.518066,23.128233,0,1,0,1,0,0,0,1,0,-0.075144,3813.665877
80.666672,111.354279,-22.020138,-145.698532,53.226971,0,1,0,1,0,0,0,1,0,0.354341,3795.749845
81.000000,105.242447,-9.421336,-142.082443,84.240875,0,1,0,1,0,0,0,1,0,1.007599,3788.310695
81.333336,90.246635,-9.555202,-138.395157,90.000000,0,1,0,1,0,0,0,1,0,1.049846,3783.158952
81.666672,93.120323,-3.973882,-136.593307,62.742420,0,1,0,1,0,0,0,1,0,0.652773,3790.627771
82.000000,89.860222,-10.679270,-133.317276,62.107590,0,1,0,1,0,0,0,1,0,0.174513,3748.367721
82.333336,92.460205,-20.757568,-136.891022,70.698929,0,1,0,1,0,0,0,1,0,0.449668,3729.945537
82.666672,96.508255,-33.570820,-144.621933,66.973976,0,1,0,1,0,0,0,1,0,0.397233,3721.581401
83.000000,106.000916,-34.093590,-160.158691,52.068523,0,1,0,1,0,0,0,1,0,0.323611,3722.249223
83.333336,101.417282,-37.593372,-158.091202,37.721951,0,1,0,1,0,0,0,1,0,-0.173031,3700.006967
83.666672,96.980782,-40.506725,-153.185883,55.775539,0,1,0,1,0,0,0,1,0,0.396637,3682.077452
84.000000,100.946465,-38.810364,-162.435455,69.825432,0,1,0,1,0,0,0,1,0,0.713329,3678.132664
84.333336,94.153114,-29.348986,-156.726120,39.613388,0,1,0,1,0,0,0,1,0,-0.042604,3666.461038
84.666672,89.422157,-25.639666,-159.472992,53.258846,0,1,0,1,0,0,0,1,0,-0.013789,3648.764817
85.000000,85.448509,-28.023991,-165.829987,76.183418,0,1,0,1,0,0,0,1,0,0.599684,3642.208876
85.333336,103.334229,-44.515549,159.276108,35.446884,0,1,0,1,0,0,0,1,0,0.326622,3619.156477
85.666672,81.197021,-53.612465,-162.362610,90.000000,0,1,0,1,0,0,0,1,0,1.108669,3610.583322
86.000000,67.483856,-26.990669,-148.001297,46.554111,0,1,0,1,0,0,0,1,0,0.157828,3612.832494
86.333336,74.848381,-32.874687,-166.773560,18.728039,0,1,0,1,0,0,0,1,0,-0.046948,3594.254258
86.666672,80.963203,-55.371105,-173.371201,65.763206,0,1,0,1,0,0,0,1,0,0.202176,3580.708388
87.000000,91.157669,-63.263710,175.588165,51.425072,0,1,0,1,0,0,0,1,0,0.236479,3570.334578
87.333336,111.677383,-64.380730,155.148041,39.454185,0,1,0,1,0,0,0,1,0,0.022604,3565.055469
87.666672,122.815033,-68.109901,144.708374,26.264721,0,1,0,1,0,0,0,1,0,0.117660,3562.296776
88.000000,145.840042,-70.601852,120.177032,8.848016,0,0,0,1,0,0,0,1,0,-0.178763,3560.408235
88.333336,159.170776,-60.740799,105.519485,7.169810,0,0,0,1,0,0,0,0,0,0.033246,3530.692567
88.666672,147.702621,-55.112656,119.008484,33.233856,1,0,0,1,0,0,0,0,0,0.390465,3509.675551
89.000000,123.238136,-69.469322,146.470291,20.270391,1,0,0,1,0,0,0,0,0,-0.106019,3513.399711
89.333336,-151.248718,-85.193146,60.012054,30.713713,1,0,0,1,0,0,0,0,0,-0.130745,3497.882828
89.666672,-118.098770,-71.763000,26.132566,35.495636,1,0,0,1,0,0,0,0,0,0.097935,3513.141949
90.000000,-141.386993,-54.380489,51.956688,26.351444,1,0,0,1,0,0,0,0,0,0.245235,3488.969478
90.333336,-143.452148,-55.707287,54.477676,59.408123,1,0,0,1,0,0,0,0,0,0.356394,3468.854124
90.666672,-156.784943,-46.322102,71.549583,21.609030,1,0,0,1,0,0,0,0,0,0.131817,3457.594224
91.000000,-164.663345,-35.249741,83.543541,90.000000,1,1,0,1,0,0,0,0,0,1.416510,3454.529023
91.333336,179.025116,-24.475246,115.599564,90.000000,1,1,0,1,0,0,0,0,0,1.321872,3439.021107
91.666672,-179.227585,-2.213981,108.148361,90.000000,1,1,0,1,0,0,0,0,0,1.567599,3431.218002
92.000000,177.139359,22.856068,88.513260,36.378159,1,1,0,1,0,0,0,0,0,0.368702,3438.389131
92.333336,175.952179,-1.696492,82.172836,56.006409,1,1,0,1,0,0,0,0,0,-0.091031,3411.501616
92.666672,175.950134,1.705740,57.106953,90.000000,1,1,0,1,0,0,0,0,0,1.628227,3410.807835
93.000000,175.535156,-11.738632,61.779961,19.834057,1,1,0,1,0,0,0,0,0,-1.037803,3394.381519
93.333336,-177.131958,-33.003159,42.974422,90.000000,1,1,0,1,0,0,0,0,0,0.902141,3383.496620
93.666672,-167.928986,-23.443119,23.209558,24.500219,0,1,0,1,0,0,0,1,0,0.126460,3378.138401
94.000000,-168.371170,-24.669746,7.117272,75.538589,0,1,0,1,0,0,0,1,0,0.693350,3380.292537
94.333336,-171.809692,0.629395,6.795373,42.510178,0,1,0,1,0,0,0,1,0,0.507940,3354.180824
94.666672,171.856277,1.627642,6.215944,90.000000,0,1,0,1,0,0,0,1,0,1.037518,3346.289347
95.000000,157.101776,20.738697,-3.642523,90.000000,0,1,0,1,0,0,0,1,0,1.084016,3336.647044
95.333336,151.645340,23.942657,-0.365126,76.114159,0,1,0,1,0,0,0,1,0,0.518195,3341.463238
95.666672,130.552292,17.227238,-25.286631,90.000000,0,1,0,1,0,0,0,1,0,1.251917,3320.587988
96.000000,135.497696,18.009003,-27.177729,78.765984,0,1,0,1,0,0,0,1,0,0.673645,3313.953722
96.333336,127.386024,-7.274862,-32.945660,90.000000,0,1,0,1,0,0,0,1,0,0.903502,3307.824875
96.666672,127.874565,-11.689657,-54.757973,58.562054,0,1,0,1,0,0,0,1,0,0.295483,3291.896860
97.000000,126.414352,2.766900,-66.830383,33.504124,0,1,0,1,0,0,0,1,0,0.243359,3273.795654
97.333336,115.885574,14.682669,-81.316406,90.000000,0,1,0,1,0,0,0,1,0,0.851930,3275.518803
97.666672,107.851479,17.943865,-107.534950,74.377167,0,1,0,1,0,0,0,1,0,0.753591,3255.246246
98.000000,113.255013,-1.255710,-102.543472,60.110996,0,1,0,1,0,0,0,1,0,-0.131820,3265.754257
98.333336,121.833069,-44.205856,-114.057228,90.000000,0,1,0,1,0,0,0,1,0,0.847671,3243.769959
98.666672,133.026627,-51.046795,-122.280785,79.342216,0,1,0,1,0,0,0,1,0,0.395332,3227.460034
99.000000,113.286842,-55.799465,-94.392975,67.922760,0,1,0,1,0,0,0,1,0,0.656207,3216.851879
99.333336,104.264832,-45.506767,-83.728584,9.471998,0,0,0,1,0,0,0,1,0,0.063187,3214.392892
99.666672,98.617432,-43.567043,-74.545586,12.457021,0,0,0,1,0,0,0,1,0,-0.231657,3203.597273
100.000000,95.243073,-45.924969,-67.722557,11.935024,0,1,0,1,0,0,0,1,0,-0.335447,3188.707427
100.333336,81.684525,-58.786152,-53.187183,22.336615,0,1,0,1,0,0,0,1,0,0.417876,3204.281511
100.666672,30.523087,-67.870628,3.341741,30.857428,0,1,0,1,0,0,0,1,0,0.368638,3174.269816
101.000000,12.221040,-49.701542,22.269047,30.518681,0,1,0,1,0,0,0,1,0,-0.080589,3157.363875
101.333336,34.764278,-55.901340,-4.813352,10.769227,0,1,0,1,0,0,0,1,0,0.418619,3153.646212
101.666672,-18.459761,-70.925507,54.397400,74.010765,0,1,0,1,0,0,0,1,0,0.393846,3139.238524
102.000000,-15.765591,-58.176529,50.121647,26.186705,0,1,0,1,0,0,0,1,0,0.162311,3128.859080
102.333336,-20.766087,-63.516705,57.739773,39.170216,0,1,0,1,0,0,0,1,0,0.217106,3158.487800
102.666672,-13.227201,-56.651276,50.431087,20.536249,0,1,0,1,0,0,0,1,0,0.312217,3146.647308
103.000000,-18.899845,-59.117393,60.976189,55.728222,0,1,0,1,0,0,0,1,0,0.188454,3122.844208
103.333336,-22.769793,-38.494633,61.562778,48.689930,0,1,0,1,0,0,0,1,0,0.344232,3093.128144
103.666672,5.698916,-56.566933,31.555029,53.320297,0,1,0,1,0,0,0,1,0,-0.107460,3079.732081
104.000000,-33.960171,-49.363674,80.598900,90.000000,0,1,0,1,0,0,0,1,0,1.038342,3078.898670
104.333336,-17.326347,-34.995964,56.762157,4.695868,0,0,0,1,0,0,0,1,0,-0.414760,3079.290508
104.666672,-11.539211,-45.445370,54.678646,59.295738,0,0,0,1,0,0,0,1,0,-0.026432,3058.813623
105.000000,-11.542506,-43.248577,51.990707,28.975744,0,1,0,1,0,0,0,1,0,-0.005213,3059.729617
105.333336,-16.938976,-65.214172,64.856789,64.647408,0,1,0,1,0,0,0,1,0,0.060507,3039.751459
105.666672,-54.004990,-45.648087,105.375603,77.717323,0,1,0,1,0,0,0,1,0,0.609748,3028.979552
106.000000,-53.762276,-22.544756,94.816826,68.794395,0,1,0,1,0,0,0,1,0,0.777727,3021.606260
106.333336,-59.255051,6.658558,90.047043,57.264622,0,1,0,1,0,0,0,1,0,0.712568,3044.425833
106.666672,-71.858467,-1.426785,101.121429,90.000000,0,1,0,1,0,0,0,1,0,1.301960,3009.373977
107.000000,-73.221298,-12.339038,110.277245,85.754990,0,1,0,1,0,0,0,1,0,0.733136,2991.263021
107.333336,-79.025002,-18.595274,110.739281,90.000000,0,1,0,1,0,0,0,1,0,1.028940,2983.317428
107.666672,-81.744797,-46.218056,126.538223,81.744804,0,1,0,1,0,0,0,1,0,0.516996,2988.043219
108.000000,-36.376549,-55.874134,76.159637,50.745193,0,1,0,1,0,0,0,1,0,-0.588626,2968.390374
108.333336,-19.237749,-60.785416,57.909107,23.632713,0,1,0,1,0,0,0,1,0,-0.061986,2963.456936
108.666672,9.803549,-68.926895,28.180910,56.987469,0,1,0,1,0,0,0,1,0,-0.218600,2955.042992
109.000000,14.237146,-88.823959,25.444975,41.581585,0,1,0,1,0,0,0,1,0,0.540282,2961.980459
109.333336,159.489044,-45.005806,-120.705872,75.578934,0,1,0,1,0,0,0,1,0,0.543064,2931.538870
109.666672,139.668503,-27.679750,-98.318291,71.403366,0,1,0,1,0,0,0,1,0,0.231878,2920.392922
110.000000,123.987953,-29.842905,-86.204521,90.000000,0,1,0,1,0,0,0,1,0,1.620184,2908.057045
110.333336,124.220535,-14.865327,-103.827698,68.525841,0,1,0,1,0,0,0,1,0,0.712000,2903.825134
110.666672,132.784714,-13.776849,-118.112572,51.242386,0,1,0,1,0,0,0,1,0,0.254003,2896.144379
111.000000,138.198471,-31.472212,-128.306412,49.021667,0,1,0,1,0,0,0,1,0,-0.057614,2883.662310
111.333336,148.333130,-31.402069,-137.865051,42.088264,0,1,0,1,0,0,0,1,0,-0.581624,2872.835615
111.666672,164.786774,-44.570374,-169.923218,27.206156,0,1,0,1,0,0,0,1,0,0.180928,2864.595414
112.000000,164.962234,-7.499086,-161.163055,39.596581,0,1,0,1,0,0,0,1,0,-0.005344,2853.149892
112.333336,151.310730,-38.642368,-160.648422,90.000000,0,1,0,1,0,0,0,1,0,1.142146,2840.094219
112.666672,169.590439,-36.734577,178.533432,90.000000,0,1,0,1,0,0,0,1,0,1.490953,2834.239038
113.000000,154.419754,-30.725882,-154.354080,17.554642,0,1,0,1,0,0,0,1,0,0.168181,2834.248083
113.333336,140.530151,-64.239212,-142.358978,55.790302,0,1,0,1,0,0,0,1,0,0.251242,2840.124127
113.666672,-161.200439,-67.401085,154.676285,81.398094,0,1,0,1,0,0,0,1,0,0.391916,2831.507212
114.000000,-164.346634,-41.655594,162.289719,60.794998,0,1,0,1,0,0,0,1,0,0.382394,2815.180972
114.333336,-163.885056,-20.297493,172.395706,53.918133,0,1,0,1,0,0,0,1,0,0.404297,2799.427833
114.666672,-157.445786,-0.229097,177.126953,60.711540,0,1,0,1,0,0,0,1,0,0.537724,2782.975050
115.000000,-150.801331,14.236938,-177.722382,49.565941,0,1,0,1,0,0,0,1,0,0.481852,2766.865374
115.333336,-143.988068,12.645648,-167.119141,70.512032,0,1,0,1,0,0,0,1,0,0.580988,2761.825976
115.666672,-140.986938,7.935197,-150.493546,83.242180,0,1,0,1,0,0,0,1,0,0.774770,2753.543725
116.000000,-146.108444,-7.156747,-154.234680,65.492928,0,1,0,1,0,0,0,1,0,-0.020235,2746.175011
116.333336,-154.867798,-50.505768,-159.436768,90.000000,0,1,0,1,0,0,0,1,0,0.528096,2747.278582
116.666672,-131.518204,-80.362236,166.781891,90.000000,0,1,0,1,0,0,0,1,0,0.558241,2729.830392
117.000000,-41.698570,-55.523506,74.009689,78.787582,0,1,0,1,0,0,0,1,0,0.647034,2716.461771
117.333336,-31.229300,-24.460619,65.831131,67.606880,0,1,0,1,0,0,0,1,0,0.420299,2706.880089
117.666672,-24.359501,-2.771419,71.060913,73.749306,0,1,0,1,0,0,0,1,0,0.747926,2696.252855
118.000000,-18.127356,6.431711,85.794144,55.732265,0,1,0,1,0,0,0,1,0,0.133750,2688.209614
118.333336,-13.557511,14.508453,97.312103,59.441803,0,1,0,1,0,0,0,1,0,0.565267,2681.726620
118.666672,-14.970768,10.925212,91.881935,83.458145,0,1,0,1,0,0,0,1,0,0.788302,2668.786316
119.000000,-13.713855,-7.257563,101.870026,90.000000,0,1,0,1,0,0,0,1,0,0.993678,2658.691947
119.333336,-13.398641,-10.041128,109.211800,60.875542,0,1,0,1,0,0,0,1,0,0.425907,2644.118164
119.666672,-7.454587,4.837327,115.064941,84.894073,0,1,0,1,0,0,0,1,0,1.033301,2628.234495
120.000000,8.230241,22.035456,108.802208,90.000000,0,1,0,1,0,0,0,1,0,1.635755,2616.370159
120.333336,29.802145,46.023750,117.925461,90.000000,0,1,0,1,0,0,0,1,0,1.305171,2607.826235
120.666672,52.222626,55.991920,141.904449,90.000000,0,1,0,1,0,0,0,1,0,0.995227,2593.165327
121.000000,76.972191,40.725094,170.984879,90.000000,0,1,0,1,0,0,0,1,0,0.543434,2593.013131
121.333336,76.608002,11.155949,-172.279800,90.000000,0,1,0,1,0,0,0,1,0,0.735499,2583.589812
121.666672,69.388031,3.378093,-167.151596,77.547516,0,1,0,1,0,0,0,1,0,0.397670,2575.710595
122.000000,68.516907,-22.019163,-155.428406,56.767838,0,1,0,1,0,0,0,1,0,0.568476,2561.658936
122.333336,50.725544,-28.346998,-121.798676,29.174656,0,1,0,1,0,0,0,1,0,-0.353503,2547.216623
122.666672,44.213524,-17.589512,-95.831413,27.178680,0,1,0,1,0,0,0,1,0,-0.202155,2531.584697
123.000000,43.541130,-5.302269,-77.086998,29.944595,0,1,0,1,0,0,0,1,0,0.026864,2525.086654
123.333336,47.280285,-2.025351,-63.142662,57.545959,0,1,0,1,0,0,0,1,0,0.416058,2513.377035
123.666672,49.255787,-3.685443,-52.769207,75.636406,0,1,0,1,0,0,0,1,0,0.742195,2505.877321
124.000000,48.759804,-9.179227,-47.748108,78.630180,0,1,0,1,0,0,0,1,0,0.751279,2497.886290
124.333336,51.128235,-17.172548,-48.336025,90.000000,0,1,0,1,0,0,0,1,0,1.348151,2497.667813
124.666672,57.174515,-0.582291,-46.109177,70.429977,0,1,0,1,0,0,0,1,0,0.759662,2483.666750
125.000000,58.428268,-0.369007,-28.814747,35.977314,0,1,0,1,0,0,0,1,0,-0.300479,2469.552396
125.333336,53.087315,-16.930555,-3.094507,43.993137,0,1,0,1,0,0,0,1,0,0.097675,2457.081520
125.666672,40.706036,-23.525021,28.791912,20.145561,0,1,0,1,0,0,0,1,0,-0.480545,2456.023383
126.000000,38.766617,-9.951450,49.891914,30.722691,0,1,0,1,0,0,0,1,0,-0.169619,2441.020606
126.333336,44.574120,5.572292,64.597412,56.931824,0,1,0,1,0,0,0,1,0,0.466154,2449.923540
126.666672,52.341164,8.415494,79.917450,61.114979,0,1,0,1,0,0,0,1,0,0.348478,2421.490303
127.000000,53.695412,3.225091,95.269676,77.846405,0,1,0,1,0,0,0,1,0,0.664353,2416.996406
127.333336,53.000874,-5.628510,102.481934,68.269974,0,1,0,1,0,0,0,1,0,0.454722,2405.665626
127.666672,50.786770,-17.158718,113.189056,53.667767,0,1,0,1,0,0,0,1,0,0.210554,2397.264071
128.000000,45.957283,-22.702263,135.014404,45.735828,0,1,0,1,0,0,0,1,0,0.254351,2385.615332
128.333344,43.613491,-13.513025,149.578308,31.738647,0,1,0,1,0,0,0,1,0,0.219940,2388.343666
128.666672,47.289799,-5.752742,164.298050,56.509418,0,1,0,1,0,0,0,1,0,0.345497,2372.613908
129.000000,45.090023,-3.661602,179.475571,48.804844,0,1,0,1,0,0,0,1,0,0.309043,2361.258047
129.333344,45.720016,-12.372668,-173.647369,69.129471,0,1,0,1,0,0,0,1,0,0.561709,2348.155934
129.666672,38.263958,-21.282827,-165.131882,69.507698,0,1,0,1,0,0,0,1,0,0.337495,2340.567732
130.000000,30.781086,-39.742188,-156.737228,30.382544,0,1,0,1,0,0,0,1,0,-0.314411,2343.310014
130.333344,15.949749,-27.255377,-126.447487,25.201603,0,1,0,1,0,0,0,1,0,0.262601,2338.300880
130.666672,25.264257,-9.766367,-135.037949,90.000000,0,1,0,1,0,0,0,1,0,1.053020,2317.548294
131.000000,35.432060,-6.662013,-148.878311,90.000000,0,1,0,1,0,0,0,1,0,1.145277,2305.418119
131.333344,41.265388,-1.862935,-163.112610,82.619690,0,1,0,1,0,0,0,1,0,0.894359,2301.444515
131.666672,43.893570,-5.328193,-171.065399,90.000000,0,1,0,1,0,0,0,1,0,0.903833,2284.940254
132.000000,53.046429,-11.323183,-173.077515,90.000000,0,1,0,1,0,0,0,1,0,0.982946,2274.422822
132.333344,46.591759,-14.717421,-152.601440,55.698036,0,1,0,1,0,0,0,1,0,0.101712,2288.589980
132.666672,39.593849,-30.670509,-145.589142,62.694981,0,1,0,1,0,0,0,1,0,0.414612,2261.178677
133.000000,41.815166,-41.323452,-152.565079,61.248180,0,1,0,1,0,0,0,1,0,0.593773,2252.772858
133.333344,49.495560,-46.535610,-168.950378,66.671036,0,1,0,1,0,0,0,1,0,0.605874,2245.520426
133.666672,66.769157,-32.445511,167.083099,59.052418,0,1,0,1,0,0,0,1,0,0.586919,2231.094516
134.000000,64.396851,-19.878857,177.183914,23.229731,0,1,0,1,0,0,0,1,0,-0.162911,2242.156671
134.333344,55.296146,-32.415218,-169.615433,36.470310,0,1,0,1,0,0,0,1,0,-0.553317,2214.975957
134.666672,51.927921,-44.422977,-162.896439,47.977886,0,1,0,1,0,0,0,1,0,0.268094,2202.213673
135.000000,45.234802,-57.130749,-152.785156,60.409565,0,1,0,1,0,0,0,1,0,0.129294,2192.858402
135.333344,33.962822,-60.369587,-141.450378,49.496735,0,1,0,1,0,0,0,1,0,0.143382,2183.602125
135.666672,47.729427,-62.878239,-159.365051,32.962505,0,1,0,1,0,0,0,1,0,-0.415619,2172.050326
136.000000,-41.353584,-62.665752,-61.782452,57.570240,0,1,0,1,0,0,0,1,0,0.693220,2166.302953
136.333344,-14.040552,-43.551647,-90.787720,54.879444,0,1,0,1,0,0,0,1,0,-0.581443,2156.200230
136.666672,-7.549017,-45.279060,-93.080917,90.000000,0,1,0,1,0,0,0,1,0,1.075231,2155.552372
137.000000,4.516157,-35.474091,-109.525627,86.771408,0,1,0,1,0,0,0,1,0,1.026893,2140.570724
137.333344,13.269761,-37.943153,-113.796829,71.040573,0,1,0,1,0,0,0,1,0,0.373963,2130.160489
137.666672,6.881567,-29.086246,-105.060936,14.811417,0,1,0,1,0,0,0,1,0,-0.663524,2119.350126
138.000000,14.518159,-36.277164,-112.081665,41.418114,0,1,0,1,0,0,0,1,0,-0.151623,2109.419913
138.333344,8.652741,-34.924343,-98.961632,78.801414,0,1,0,1,0,0,0,1,0,0.823347,2101.171162
138.666672,17.770247,-25.735161,-109.406288,59.405220,0,1,0,1,0,0,0,1,0,0.659136,2092.313972
139.000000,30.646124,-26.619221,-107.756493,90.000000,0,1,0,1,0,0,0,1,0,0.772144,2083.168850
139.333344,17.578583,-21.182077,-79.262894,51.706722,0,1,0,1,0,0,0,1,0,0.392665,2068.122777
139.666672,7.402867,-27.651791,-67.661278,41.936062,0,1,0,1,0,0,0,1,0,-0.257259,2065.896407
140.000000,-6.456077,-50.394463,-48.750923,11.034712,0,1,0,1,0,0,0,1,0,-0.068157,2053.502030
140.333344,-47.298336,-40.025734,1.526190,40.613449,0,1,0,1,0,0,0,1,0,-0.028367,2043.813554
140.666672,-39.186249,-27.623957,-7.756478,87.688438,0,1,0,1,0,0,0,1,0,1.064321,2034.616203
141.000000,-24.095409,-40.119705,-29.971251,90.000000,0,1,0,1,0,0,0,1,0,0.870697,2029.840252
141.333344,-15.456765,-45.978882,-41.361767,72.406105,0,1,0,1,0,0,0,1,0,0.532622,2027.116596
141.666672,-6.158520,-43.052238,-49.114464,41.661362,0,1,0,1,0,0,0,1,0,-0.277554,2008.547243
142.000000,-16.471148,-46.245655,-35.218204,18.399889,0,1,0,1,0,0,0,1,0,-0.508636,1997.543508
142.333344,-31.188616,-56.181984,-18.540926,16.164719,0,1,0,1,0,0,0,1,0,-0.121255,1994.748468
142.666672,-60.269161,-58.729439,12.721542,39.802563,0,1,0,1,0,0,0,1,0,0.122074,1987.989923
143.000000,-70.685143,-56.108387,25.404667,15.440128,0,1,0,1,0,0,0,1,0,0.124031,1965.086228
143.333344,-69.050728,-53.920780,25.968000,34.730309,0,1,0,1,0,0,0,1,0,0.207645,1960.432869
143.666672,-62.157619,-45.427383,17.361565,28.737045,0,1,0,1,0,0,0,1,0,0.702803,1956.694948
144.000000,-54.944450,-45.392265,11.098145,61.809151,0,1,0,1,0,0,0,1,0,0.436522,1943.405524
144.333344,-49.157974,-33.675201,7.887465,44.502472,0,1,0,1,0,0,0,1,0,0.183892,1938.494518
144.666672,-42.126011,-20.432495,3.130979,79.712364,0,1,0,1,0,0,0,1,0,0.907978,1924.545956
145.000000,-30.558784,-9.970540,-13.479357,71.861343,0,1,0,1,0,0,0,1,0,0.330200,1909.933578
145.333344,-24.692221,-11.950407,-15.953544,90.000000,0,1,0,1,0,0,0,1,0,2.050883,1913.473037
145.666672,-11.559126,14.441413,-20.602947,90.000000,0,1,0,1,0,0,0,1,0,1.162688,1910.014652
146.000000,-8.652512,21.840473,-19.385984,46.502171,0,1,0,1,0,0,0,1,0,-0.165215,1888.179381
146.333344,-0.684272,4.919662,-3.511163,75.999138,0,1,0,1,0,0,0,1,0,0.528893,1877.511895
146.666672,-0.307108,11.470763,21.128826,90.000000,0,1,0,1,0,0,0,1,0,1.052401,1871.364341
147.000000,-1.259642,21.061245,19.449541,86.346008,0,1,0,1,0,0,0,1,0,1.068664,1860.656452
147.333344,12.306937,13.679633,23.251160,90.000000,0,1,0,1,0,0,0,1,0,1.205866,1841.034300
147.666672,20.457081,-3.821892,32.696751,90.000000,0,1,0,1,0,0,0,1,0,1.041951,1828.880276
148.000000,17.909687,-12.748147,38.610420,86.323730,0,1,0,1,0,0,0,1,0,0.757652,1816.381750
148.333344,16.760218,-17.418657,40.996185,86.884911,0,1,0,1,0,0,0,1,0,0.829247,1805.357907
148.666672,14.286472,-17.748831,43.144066,68.210663,0,1,0,1,0,0,0,1,0,0.584070,1822.420497
149.000000,15.168590,-17.995731,33.447533,67.043098,0,1,0,1,0,0,0,1,0,0.551807,1803.806132
149.333344,25.705257,-26.626978,15.689692,57.344543,0,1,0,1,0,0,0,1,0,0.627641,1809.154766
149.666672,31.354727,-38.434200,19.187212,73.018936,0,1,0,1,0,0,0,1,0,0.148593,1778.172440
150.000000,-1.404904,-65.857841,61.947109,45.990891,0,1,0,1,0,0,0,1,0,0.432677,1764.426779
150.333344,-107.879753,-72.731750,169.984131,63.013626,0,1,0,1,0,0,0,1,0,-0.145944,1762.703105
150.666672,-139.753815,-69.750458,-158.379578,66.936768,0,1,0,1,0,0,0,1,0,0.344699,1747.005190
151.000000,-133.891373,-48.474026,-168.240967,69.233505,0,1,0,1,0,0,0,1,0,0.909999,1748.332390
151.333344,-140.367889,-22.722494,-165.250015,48.012272,0,1,0,1,0,0,0,1,0,0.090987,1729.381136
151.666672,-144.966049,-12.645904,-168.864960,77.179939,0,1,0,1,0,0,0,1,0,0.811109,1729.540049
152.000000,-135.076355,-7.324971,-171.542053,90.000000,0,1,0,1,0,0,0,1,0,1.210601,1738.062772
152.333344,-156.411423,-25.271505,-141.024567,90.000000,0,1,0,1,0,0,0,1,0,0.911727,1704.402934
152.666672,-151.350021,-37.194649,-132.763153,90.000000,0,1,0,1,0,0,0,1,0,1.661678,1683.535203
153.000000,-177.505798,-52.240562,-86.776955,90.000000,0,1,0,1,0,0,0,1,0,1.146858,1691.341953
153.333344,154.175003,-36.502323,-53.508442,59.143192,0,1,0,1,0,0,0,1,0,0.247798,1678.707757
153.666672,159.397522,-31.144684,-74.350327,57.830715,0,1,0,1,0,0,0,1,0,0.018127,1668.931954
154.000000,-178.011337,-29.144348,-124.151466,39.562618,0,1,0,1,0,0,0,1,0,0.710920,1655.964019
154.333344,-166.088211,-18.714874,-139.236862,47.027302,0,1,0,1,0,0,0,1,0,-0.235172,1640.432066
154.666672,-174.063629,-37.776909,-129.289856,22.912277,0,1,0,1,0,0,0,1,0,-0.491832,1631.721441
155.000000,-143.479462,-49.810608,-167.895813,90.000000,0,1,0,1,0,0,0,1,0,0.791061,1627.332752
155.333344,-157.449860,-52.442051,-152.090271,16.764208,0,1,0,1,0,0,0,1,0,-0.224725,1615.466642
155.666672,-133.722870,-56.632782,178.539627,6.054138,0,0,0,1,0,0,0,1,0,0.171231,1606.501937
156.000000,-129.551437,-50.366432,174.498230,22.452690,0,0,0,1,0,0,0,1,0,-0.256440,1591.700678
156.333344,-107.643723,-56.746513,142.790787,58.290218,0,1,0,1,0,0,0,1,0,0.580508,1582.034743
156.666672,-57.899872,-51.259136,80.659058,31.626335,0,1,0,1,0,0,0,1,0,0.494626,1571.465650
157.000000,-69.280167,-20.386831,90.813675,61.133961,0,1,0,1,0,0,0,1,0,-0.007333,1566.430099
157.333344,-85.192009,-4.508382,95.372299,90.000000,0,1,0,1,0,0,0,1,0,1.428034,1552.040893
157.666672,-103.673752,-12.423125,119.210770,90.000000,0,1,0,1,0,0,0,1,0,0.801325,1544.730412
158.000000,-97.855774,-20.907696,123.486031,77.363144,0,1,0,1,0,0,0,1,0,0.485062,1531.727875
158.333344,-99.431923,-46.468082,123.087936,90.000000,0,1,0,1,0,0,0,1,0,0.702787,1528.524674
158.666672,-100.316490,-55.009338,126.711761,17.197670,0,1,0,1,0,0,0,1,0,-0.131234,1521.268028
159.000000,-95.252968,-42.528084,117.341209,31.180826,0,1,0,1,0,0,0,1,0,0.359303,1511.742686
159.333344,-110.062149,-56.733711,135.414551,65.151749,0,1,0,1,0,0,0,1,0,0.258226,1514.230711
159.666672,-118.652916,-62.807430,144.261719,21.986773,0,1,0,1,0,0,0,1,0,0.080292,1493.151895
160.000000,-112.412895,-58.573658,138.367371,16.246248,0,1,0,1,0,0,0,1,0,0.064948,1481.467093
160.333344,-109.868759,-56.742912,134.005997,51.166859,0,1,0,1,0,0,0,1,0,0.321422,1475.631469
160.666672,-124.771294,-75.970337,149.587753,27.173761,0,1,0,1,0,0,0,1,0,0.100973,1461.433622
161.000000,-132.610062,-69.230934,157.354797,30.521194,0,1,0,1,0,0,0,1,0,-0.112814,1455.524119
161.333344,-122.122276,-58.062897,147.021790,21.232336,0,1,0,1,0,0,0,1,0,-0.074454,1455.279211
161.666672,-132.246552,-65.941406,156.277817,34.680145,0,1,0,1,0,0,0,1,0,0.210794,1443.277660
162.000000,-146.807617,-66.191154,173.021347,12.050170,0,1,0,1,0,0,0,1,0,-0.365928,1432.082288
162.333344,-137.882751,-75.827843,163.286774,6.249843,0,0,0,1,0,0,0,1,0,0.057348,1431.307472
162.666672,-154.550446,-57.532314,-177.135910,47.871143,0,0,0,1,0,0,0,1,0,-0.102140,1411.141590
163.000000,-112.525543,-75.488014,133.284363,86.089981,0,1,0,1,0,0,0,1,0,0.801110,1409.617100
163.333344,-149.662277,-48.645676,173.752640,39.356262,0,1,0,1,0,0,0,1,0,-0.327226,1391.035369
163.666672,-166.489227,-65.787506,-172.031616,67.132080,0,1,0,1,0,0,0,1,0,0.227945,1382.701365
164.000000,-144.731445,-55.335453,164.670441,56.959530,0,1,0,1,0,0,0,1,0,0.432507,1376.680058
164.333344,-162.598190,-60.718529,-176.839401,28.771553,0,1,0,1,0,0,0,1,0,-0.073600,1364.720252
164.666672,-128.774277,-66.663841,145.008957,45.247116,0,1,0,1,0,0,0,1,0,0.304447,1356.267330
165.000000,-127.107941,-54.323982,146.277390,47.228588,0,1,0,1,0,0,0,1,0,0.135425,1341.535871
165.333344,-163.630020,-54.708447,-166.773590,25.919205,0,1,0,1,0,0,0,1,0,0.240909,1327.861498
165.666672,168.765564,-35.529739,-134.111816,44.638908,0,1,0,1,0,0,0,1,0,-0.608929,1317.819885
166.000000,173.356033,-44.516487,-145.969421,24.424994,0,1,0,1,0,0,0,1,0,-0.462476,1312.519992
166.333344,-156.528839,-41.458271,173.608902,46.836227,0,1,0,1,0,0,0,1,0,0.503497,1324.879275
166.666672,-165.615997,-36.620083,-177.210831,29.289577,0,1,0,1,0,0,0,1,0,-0.532004,1305.600595
167.000000,-152.646133,-40.120621,163.336090,90.000000,0,1,0,1,0,0,0,1,0,1.039593,1281.481665
167.333344,-168.824310,-41.367538,-172.127014,22.052633,0,1,0,1,0,0,0,1,0,0.154407,1272.757484
167.666672,-160.125015,-57.396446,175.315002,84.534554,0,1,0,1,0,0,0,1,0,0.587224,1266.369942
168.000000,-160.011139,-53.591541,177.937546,42.066669,0,1,0,1,0,0,0,1,0,-0.081446,1261.886202
168.333344,-166.478668,-53.563297,-178.884186,62.687450,0,1,0,1,0,0,0,1,0,0.398492,1254.514057
168.666672,-160.730911,-31.568432,166.361450,65.689339,0,1,0,1,0,0,0,1,0,0.865238,1235.775717
169.000000,-163.223679,-3.660530,164.981506,21.203239,0,1,0,1,0,0,0,1,0,-0.405595,1229.711291
169.333344,-167.100494,-8.729592,150.323502,42.335129,0,1,0,1,0,0,0,1,0,-0.649982,1223.246919
169.666672,-159.047104,-30.939737,125.982422,33.416466,0,1,0,1,0,0,0,1,0,0.262888,1212.375416
170.000000,-138.105347,-55.697151,105.993835,90.000000,0,1,0,1,0,0,0,1,0,0.683383,1203.927920
170.333344,-148.039810,-48.307320,118.169113,72.197906,0,1,0,1,0,0,0,1,0,0.818478,1187.908849
170.666672,-138.456711,-31.255539,102.950676,2.851192,0,0,0,1,0,0,0,1,0,-0.122806,1181.762347
171.000000,-123.545532,-43.152882,85.394165,34.392956,0,0,0,1,0,0,0,1,0,-0.200118,1174.561430
171.333344,-149.881699,-58.602680,119.703865,75.979004,0,1,0,1,0,0,0,1,0,0.564484,1170.484724
171.666672,-147.934235,-47.858627,116.071899,11.598717,0,1,0,1,0,0,0,1,0,-0.046845,1161.044888
172.000000,-151.199951,-59.094929,122.126984,58.296188,0,1,0,1,0,0,0,1,0,0.196072,1152.348353
172.333344,-142.864975,-57.456909,112.862862,10.022012,0,1,0,1,0,0,0,1,0,-0.300255,1140.313824
172.666672,-172.937531,-69.485214,146.510162,37.060101,0,1,0,1,0,0,0,1,0,0.100643,1127.133789
173.000000,-157.022873,-62.153507,128.834976,4.300993,0,0,0,1,0,0,0,1,0,-0.242043,1121.919854
173.333344,-138.538391,-72.032524,110.633789,28.951551,0,0,0,1,0,0,0,1,0,-0.103724,1121.439331
173.666672,-146.663376,-77.368050,118.766571,21.457558,0,0,0,1,0,0,0,1,0,0.003668,1102.740006
174.000000,-132.402969,-81.522995,103.568794,20.063227,0,0,0,1,0,0,0,1,0,-0.015795,1099.854854
174.333344,159.630630,-81.348045,172.067444,5.388062,0,0,0,1,0,0,0,0,0,-0.146075,1093.257090
174.666672,167.644501,-83.948151,163.980515,33.199203,1,0,0,1,0,0,0,0,0,-0.034697,1082.322731
175.000000,172.101486,-76.469711,159.437958,20.685846,1,0,0,1,0,0,0,0,0,-0.008841,1079.747109
175.333344,127.638649,-80.843025,-155.300201,37.621937,1,0,0,1,0,0,0,0,0,0.064787,1069.008338
175.666672,151.999069,-54.048492,179.056122,50.324238,1,0,0,1,0,0,0,0,0,0.660887,1054.850845
176.000000,177.310959,-41.701202,145.495712,78.656075,1,0,0,1,0,0,0,0,0,0.508969,1051.004605
176.333344,-172.801834,-38.510345,130.163239,90.000000,1,0,0,1,0,0,0,0,0,1.263823,1038.596991
176.666672,-157.791016,-43.853970,107.545097,57.805321,1,0,0,1,0,0,0,0,0,0.558916,1036.423048
177.000000,-164.003128,-43.145927,116.553810,32.815895,1,1,0,1,0,0,0,0,0,-0.178075,1028.703943
177.333344,-171.551788,-48.220333,127.089432,15.330878,1,1,0,1,0,0,0,0,0,-0.064333,1013.857987
177.666672,179.231857,-45.539410,139.694870,27.857306,1,1,0,1,0,0,0,0,0,0.076515,1002.422390
178.000000,173.423416,-36.747364,148.492310,46.382629,1,1,0,1,0,0,0,0,0,0.472998,1013.215306
178.333344,177.626465,-30.321606,140.895248,36.849964,1,1,0,1,0,0,0,0,0,0.100317,992.337648
178.666672,175.124100,-32.049854,145.722366,63.082531,1,1,0,1,0,0,0,0,0,0.371541,987.075942
179.000000,171.372620,-22.669775,153.858551,66.353912,1,1,0,1,0,0,0,0,0,0.755995,972.475725
179.333344,176.277588,-14.416353,138.556641,44.649506,1,1,0,1,0,0,0,0,0,0.497742,961.813707
179.666672,-170.075012,-39.028088,137.213776,90.000000,0,1,0,1,0,0,0,1,0,0.761446,955.279134
180.000000,-167.948471,-29.789705,126.718483,58.687107,0,1,0,1,0,0,0,1,0,0.568977,949.604025
180.333344,-167.726685,-56.285118,129.852280,86.701996,0,1,0,1,0,0,0,1,0,0.532770,945.472524
180.666672,-170.580612,-43.715698,129.347382,38.289276,0,1,0,1,0,0,0,1,0,0.198249,948.428178
181.000000,-153.983749,-57.744949,113.823639,52.347977,0,1,0,1,0,0,0,1,0,-0.105442,921.755427
181.333344,-162.402863,-44.226608,122.534286,89.827538,0,1,0,1,0,0,0,1,0,1.211340,1019.555821
181.666672,-124.267143,-42.123043,73.955299,45.607529,0,1,0,1,0,0,0,1,0,0.116763,1020.356933
182.000000,-121.254768,-59.759254,76.339928,90.000000,0,1,0,1,0,0,0,1,0,0.583104,1003.879962
182.333344,-134.630692,-36.291557,88.916481,64.259224,0,1,0,1,0,0,0,1,0,0.613402,1013.229696
182.666672,-120.883415,-36.929478,70.176384,19.868681,0,1,0,1,0,0,0,1,0,-0.344566,992.283690
183.000000,-118.903915,-60.129410,69.523872,35.220551,0,1,0,1,0,0,0,1,0,0.027480,987.060687
183.333344,-128.373962,-73.043488,78.322121,76.053864,0,1,0,1,0,0,0,1,0,0.374640,972.469534
183.666672,-113.319099,-55.259418,60.281384,30.450487,0,1,0,1,0,0,0,1,0,0.021333,961.820271
184.000000,-99.816574,-41.990093,38.878925,36.587261,0,1,0,1,0,0,0,1,0,-0.155750,955.266268
184.333344,-87.784447,-23.864740,13.202109,20.023201,0,1,0,1,0,0,0,1,0,-0.102690,949.591687
184.666672,-88.937065,-8.120632,-0.194324,39.110439,0,1,0,1,0,0,0,1,0,0.021213,945.496248
185.000000,-95.524918,6.052227,-5.066929,84.497246,0,1,0,1,0,0,0,1,0,0.974769,948.427306
